$ANSIBLE_VAULT;1.2;AES256;ovirt
63373037643366316163653230346230396636643434353538626561363163666463633437316633
3566386333643934663939353065366434663336333561350a346434613463366165626361643538
62343237393166383738623132346334636334316332666232643431636231626161386236326166
6335633366303233320a316139643065376238383537333636316131383532336337343937333963
33663832613161396262356639313635623239333161306339323463393561633161376531333636
34626664323238336464383333303932643637386537373166336262636163656163636665646137
62346435323434333432393763653863346563323834653838653361663036373864353161346235
39383263666634373163326132656230323561333236336664393663376563663236623833616533
32616135663939663533363035623135323939366666346565353431383839383262666364313934
39613636313137303131343337643463666363643430336232623362313035656539653735663430
66663262326463343663316462323865303939383438663462343135646237316663386562323131
32363032353064666638653133633030386362666535663734613035626431383661633631643162
31373338643162363237623161663562343162323032653364663332396563353639336234653039
64393236333662396163306332313361633236313130343637636638663730626136663130326466
31613237356463656532373635653235343631613430623465633139346433613061356566366461
38346635643331353334303433343933616365326532613030306565646536636539613432633132
31383734393731326435323364353130356434303731346432376237626563626439616139353533
64386664353766333561653838616631366363396335656364353565363737316635626537633439
64666533633334663339366330303065356463666461336334343363646239663033343134623935
63366632393036383936393334613437303639326132396364663936626431616462333030303064
38363130373061303663363161386531303435366537306166663535626264336134336165613631
37343033396537633435396234623163303365346661613266633766646135353461353534363636
35366632383134383662663338396664366439636664393132363732323330653939366433303763
62666333306237343562633663356539386265306564386161366166386338656266393730306566
33383661346562626463313731653832376134376564333938666266306635653165383337353539
64373430326665386437313263396139366332656538643462303133643232333865386634376165
62363838626166323738396230303031343562373135653463386362663638353534616435393166
39653937343537633962626633396563303339633266323731653432326464316633643639636565
66393239393232356634303839396537633435656536613033343962626139396162376639393966
37643061623531366262303931366239663764616130313438373764663639323864623130646232
65623736653835373261616233386561306166633130613132363066663136366131393036643166
64353664656666346136613236316230656562656338343866356438656661636638633262343030
31386533633133356363313064616566313362386534303032353333373034623266376632386564
34383533316561366531333837353063386161616633373435323035373438323735303732333162
64393562396531346665383239643434396362373731643832376633303639326362333035666166
34373063633663353366396139313761643736643363313265633732383134306566313866343663
3533
